CONTENT         weegfactoren
COMP            NO2
YEAR            2015
VERSION         1.0 
RELEASE_DATE    01-03-2016
RESOLUTION_km   10
NUM_STATIONS     8
COORD_FORMAT    F8.3
DATA_FORMAT     E10.3

 155.000 615.000 934 918 538 818 631 929 807 444 0.208E+00 0.181E+00 0.126E+00 0.718E-01 0.494E-01 0.430E-01 0.278E-01 0.244E-01
 165.000 615.000 934 918 538 818 929 631 807 444 0.262E+00 0.187E+00 0.116E+00 0.787E-01 0.527E-01 0.505E-01 0.311E-01 0.219E-01
 175.000 615.000 934 918 538 818 929 631 807 738 0.329E+00 0.185E+00 0.104E+00 0.843E-01 0.641E-01 0.506E-01 0.344E-01 0.198E-01
 185.000 615.000 934 918 538 818 929 631 807 738 0.407E+00 0.177E+00 0.914E-01 0.882E-01 0.773E-01 0.496E-01 0.374E-01 0.197E-01
 195.000 615.000 934 918 929 818 538 631 807 738 0.492E+00 0.163E+00 0.920E-01 0.900E-01 0.790E-01 0.477E-01 0.399E-01 0.193E-01
 205.000 615.000 934 918 929 818 538 631 807 738 0.566E+00 0.147E+00 0.108E+00 0.894E-01 0.672E-01 0.449E-01 0.418E-01 0.186E-01
 215.000 615.000 934 918 929 818 538 807 631 722 0.594E+00 0.128E+00 0.125E+00 0.866E-01 0.564E-01 0.430E-01 0.415E-01 0.183E-01
 225.000 615.000 934 929 918 818 538 807 631 722 0.557E+00 0.141E+00 0.110E+00 0.819E-01 0.469E-01 0.434E-01 0.377E-01 0.188E-01
 235.000 615.000 934 929 918 818 807 538 631 722 0.480E+00 0.155E+00 0.928E-01 0.756E-01 0.429E-01 0.386E-01 0.338E-01 0.190E-01
 245.000 615.000 934 929 918 818 807 538 631 722 0.396E+00 0.165E+00 0.772E-01 0.684E-01 0.416E-01 0.316E-01 0.298E-01 0.190E-01
 255.000 615.000 934 929 918 818 807 631 538 722 0.319E+00 0.170E+00 0.636E-01 0.607E-01 0.395E-01 0.259E-01 0.257E-01 0.187E-01
 135.000 605.000 918 538 934 818 631 444 929 633 0.193E+00 0.174E+00 0.135E+00 0.695E-01 0.564E-01 0.368E-01 0.316E-01 0.268E-01
 145.000 605.000 918 934 538 818 631 929 444 807 0.215E+00 0.173E+00 0.170E+00 0.798E-01 0.604E-01 0.395E-01 0.339E-01 0.302E-01
 155.000 605.000 918 934 538 818 631 929 807 444 0.232E+00 0.222E+00 0.159E+00 0.901E-01 0.633E-01 0.492E-01 0.345E-01 0.307E-01
 165.000 605.000 934 918 538 818 631 929 807 444 0.283E+00 0.240E+00 0.145E+00 0.995E-01 0.648E-01 0.608E-01 0.390E-01 0.274E-01
 175.000 605.000 934 918 538 818 929 631 807 738 0.361E+00 0.237E+00 0.129E+00 0.107E+00 0.748E-01 0.649E-01 0.433E-01 0.255E-01
 185.000 605.000 934 918 818 538 929 631 807 738 0.458E+00 0.225E+00 0.113E+00 0.112E+00 0.912E-01 0.636E-01 0.474E-01 0.253E-01
 195.000 605.000 934 918 818 929 538 631 807 738 0.575E+00 0.205E+00 0.115E+00 0.110E+00 0.956E-01 0.609E-01 0.509E-01 0.248E-01
 205.000 605.000 934 918 929 818 538 631 807 738 0.700E+00 0.182E+00 0.131E+00 0.115E+00 0.803E-01 0.570E-01 0.536E-01 0.238E-01
 215.000 605.000 934 918 929 818 538 807 631 722 0.763E+00 0.156E+00 0.153E+00 0.111E+00 0.667E-01 0.552E-01 0.524E-01 0.234E-01
 225.000 605.000 934 929 918 818 807 538 631 722 0.684E+00 0.175E+00 0.132E+00 0.104E+00 0.557E-01 0.549E-01 0.473E-01 0.241E-01
 235.000 605.000 934 929 918 818 807 538 631 722 0.558E+00 0.195E+00 0.110E+00 0.953E-01 0.550E-01 0.448E-01 0.420E-01 0.245E-01
 245.000 605.000 934 929 918 818 807 631 538 722 0.443E+00 0.211E+00 0.903E-01 0.854E-01 0.532E-01 0.367E-01 0.363E-01 0.244E-01
 255.000 605.000 934 929 818 918 807 631 538 722 0.349E+00 0.219E+00 0.750E-01 0.735E-01 0.504E-01 0.317E-01 0.293E-01 0.239E-01
 265.000 605.000 934 929 818 918 807 631 538 722 0.274E+00 0.218E+00 0.648E-01 0.595E-01 0.468E-01 0.271E-01 0.235E-01 0.231E-01
 125.000 595.000 538 918 934 818 631 444 633 929 0.222E+00 0.204E+00 0.107E+00 0.717E-01 0.650E-01 0.502E-01 0.352E-01 0.278E-01
 135.000 595.000 918 538 934 818 631 444 929 633 0.239E+00 0.224E+00 0.138E+00 0.847E-01 0.715E-01 0.467E-01 0.350E-01 0.343E-01
 145.000 595.000 918 538 934 818 631 929 444 807 0.271E+00 0.217E+00 0.177E+00 0.984E-01 0.770E-01 0.441E-01 0.427E-01 0.370E-01
 155.000 595.000 918 934 538 818 631 929 807 444 0.296E+00 0.227E+00 0.202E+00 0.112E+00 0.810E-01 0.553E-01 0.427E-01 0.384E-01
 165.000 595.000 918 934 538 818 631 929 807 444 0.307E+00 0.292E+00 0.182E+00 0.126E+00 0.832E-01 0.691E-01 0.486E-01 0.340E-01
 175.000 595.000 934 918 538 818 929 631 807 738 0.374E+00 0.304E+00 0.159E+00 0.137E+00 0.859E-01 0.833E-01 0.545E-01 0.327E-01
 185.000 595.000 934 918 818 538 929 631 807 738 0.481E+00 0.285E+00 0.145E+00 0.136E+00 0.106E+00 0.814E-01 0.600E-01 0.325E-01
 195.000 595.000 934 918 818 929 538 631 807 738 0.617E+00 0.256E+00 0.148E+00 0.130E+00 0.114E+00 0.776E-01 0.648E-01 0.318E-01
 205.000 595.000 934 918 929 818 538 631 807 738 0.792E+00 0.222E+00 0.157E+00 0.147E+00 0.949E-01 0.723E-01 0.685E-01 0.305E-01
 215.000 595.000 934 918 929 818 538 807 631 722 0.974E+00 0.188E+00 0.186E+00 0.141E+00 0.778E-01 0.708E-01 0.660E-01 0.299E-01
 225.000 595.000 934 929 918 818 807 538 631 722 0.765E+00 0.217E+00 0.156E+00 0.132E+00 0.715E-01 0.633E-01 0.590E-01 0.309E-01
 235.000 595.000 934 929 918 818 807 631 538 722 0.596E+00 0.246E+00 0.128E+00 0.120E+00 0.706E-01 0.519E-01 0.511E-01 0.314E-01
 245.000 595.000 934 929 818 918 807 631 538 722 0.464E+00 0.268E+00 0.106E+00 0.104E+00 0.680E-01 0.450E-01 0.411E-01 0.313E-01
 255.000 595.000 934 929 818 918 807 631 538 722 0.361E+00 0.280E+00 0.920E-01 0.836E-01 0.641E-01 0.385E-01 0.329E-01 0.307E-01
 265.000 595.000 934 929 818 918 807 631 722 538 0.281E+00 0.279E+00 0.786E-01 0.669E-01 0.591E-01 0.326E-01 0.295E-01 0.262E-01
 275.000 595.000 929 934 818 807 918 722 631 538 0.265E+00 0.219E+00 0.662E-01 0.535E-01 0.533E-01 0.279E-01 0.273E-01 0.209E-01
 115.000 585.000 538 918 934 631 818 444 633 738 0.268E+00 0.200E+00 0.827E-01 0.720E-01 0.707E-01 0.677E-01 0.454E-01 0.293E-01
 125.000 585.000 538 918 934 818 631 444 633 738 0.284E+00 0.244E+00 0.106E+00 0.855E-01 0.814E-01 0.639E-01 0.451E-01 0.325E-01
 135.000 585.000 918 538 934 818 631 444 633 929 0.291E+00 0.287E+00 0.136E+00 0.102E+00 0.903E-01 0.591E-01 0.440E-01 0.382E-01
 145.000 585.000 918 538 934 818 631 444 929 807 0.338E+00 0.277E+00 0.174E+00 0.120E+00 0.980E-01 0.536E-01 0.484E-01 0.450E-01
 155.000 585.000 918 538 934 818 631 929 807 444 0.375E+00 0.254E+00 0.223E+00 0.139E+00 0.104E+00 0.612E-01 0.524E-01 0.478E-01
 165.000 585.000 918 934 538 818 631 929 807 444 0.395E+00 0.285E+00 0.225E+00 0.158E+00 0.107E+00 0.771E-01 0.603E-01 0.420E-01
 175.000 585.000 918 934 538 818 631 929 807 738 0.388E+00 0.365E+00 0.194E+00 0.173E+00 0.107E+00 0.967E-01 0.682E-01 0.420E-01
 185.000 585.000 934 918 818 538 929 631 807 738 0.464E+00 0.359E+00 0.185E+00 0.163E+00 0.121E+00 0.104E+00 0.757E-01 0.417E-01
 195.000 585.000 934 918 818 929 538 631 807 738 0.586E+00 0.316E+00 0.190E+00 0.150E+00 0.135E+00 0.989E-01 0.824E-01 0.407E-01
 205.000 585.000 934 918 818 929 538 631 807 738 0.721E+00 0.268E+00 0.189E+00 0.184E+00 0.110E+00 0.915E-01 0.876E-01 0.389E-01
 215.000 585.000 934 929 918 818 807 538 631 722 0.794E+00 0.223E+00 0.222E+00 0.180E+00 0.908E-01 0.893E-01 0.827E-01 0.383E-01
 225.000 585.000 934 929 918 818 807 631 538 722 0.703E+00 0.265E+00 0.181E+00 0.167E+00 0.919E-01 0.733E-01 0.719E-01 0.396E-01
 235.000 585.000 934 929 818 918 807 631 538 722 0.568E+00 0.307E+00 0.149E+00 0.146E+00 0.905E-01 0.639E-01 0.575E-01 0.403E-01
 245.000 585.000 934 929 818 918 807 631 538 722 0.449E+00 0.341E+00 0.131E+00 0.117E+00 0.869E-01 0.548E-01 0.458E-01 0.402E-01
 255.000 585.000 929 934 818 918 807 631 722 538 0.360E+00 0.352E+00 0.112E+00 0.931E-01 0.814E-01 0.464E-01 0.393E-01 0.364E-01
 265.000 585.000 929 934 818 807 918 631 722 538 0.358E+00 0.276E+00 0.943E-01 0.746E-01 0.739E-01 0.389E-01 0.377E-01 0.288E-01
 275.000 585.000 929 934 818 807 918 722 631 538 0.335E+00 0.215E+00 0.784E-01 0.669E-01 0.584E-01 0.355E-01 0.323E-01 0.228E-01
 105.000 575.000 538 918 444 631 818 934 633 644 0.300E+00 0.182E+00 0.898E-01 0.762E-01 0.664E-01 0.624E-01 0.573E-01 0.358E-01
 115.000 575.000 538 918 631 444 818 934 633 738 0.338E+00 0.228E+00 0.887E-01 0.865E-01 0.820E-01 0.798E-01 0.582E-01 0.367E-01
 125.000 575.000 538 918 934 631 818 444 633 738 0.364E+00 0.283E+00 0.102E+00 0.101E+00 0.100E+00 0.812E-01 0.579E-01 0.409E-01
 135.000 575.000 538 918 934 818 631 444 633 807 0.369E+00 0.347E+00 0.130E+00 0.122E+00 0.114E+00 0.746E-01 0.563E-01 0.455E-01
 145.000 575.000 918 538 934 818 631 444 807 633 0.414E+00 0.352E+00 0.166E+00 0.145E+00 0.124E+00 0.671E-01 0.543E-01 0.537E-01
 155.000 575.000 918 538 934 818 631 929 807 444 0.474E+00 0.318E+00 0.210E+00 0.171E+00 0.133E+00 0.663E-01 0.639E-01 0.593E-01
 165.000 575.000 918 538 934 818 631 929 807 738 0.506E+00 0.275E+00 0.266E+00 0.196E+00 0.137E+00 0.842E-01 0.743E-01 0.531E-01
 175.000 575.000 918 934 538 818 631 929 807 738 0.495E+00 0.335E+00 0.232E+00 0.219E+00 0.137E+00 0.107E+00 0.849E-01 0.539E-01
 185.000 575.000 918 934 818 538 929 631 807 738 0.447E+00 0.417E+00 0.236E+00 0.191E+00 0.135E+00 0.133E+00 0.952E-01 0.536E-01
 195.000 575.000 934 918 818 929 538 631 807 738 0.506E+00 0.382E+00 0.244E+00 0.169E+00 0.156E+00 0.126E+00 0.104E+00 0.521E-01
 205.000 575.000 934 918 818 929 538 631 807 738 0.587E+00 0.315E+00 0.242E+00 0.211E+00 0.126E+00 0.115E+00 0.112E+00 0.497E-01
 215.000 575.000 934 929 918 818 807 631 538 722 0.619E+00 0.261E+00 0.255E+00 0.229E+00 0.117E+00 0.103E+00 0.101E+00 0.489E-01
 225.000 575.000 934 929 818 918 807 631 538 722 0.577E+00 0.318E+00 0.209E+00 0.205E+00 0.118E+00 0.905E-01 0.801E-01 0.508E-01
 235.000 575.000 934 929 818 918 807 631 538 722 0.494E+00 0.377E+00 0.185E+00 0.163E+00 0.116E+00 0.779E-01 0.636E-01 0.518E-01
 245.000 575.000 929 934 818 918 807 631 722 538 0.430E+00 0.404E+00 0.159E+00 0.129E+00 0.111E+00 0.661E-01 0.516E-01 0.503E-01
 255.000 575.000 929 934 818 807 918 631 722 538 0.461E+00 0.325E+00 0.134E+00 0.103E+00 0.102E+00 0.554E-01 0.504E-01 0.397E-01
 265.000 575.000 929 934 818 807 918 722 631 538 0.458E+00 0.258E+00 0.112E+00 0.936E-01 0.799E-01 0.482E-01 0.459E-01 0.312E-01
 275.000 575.000 929 934 818 807 918 722 631 538 0.421E+00 0.204E+00 0.916E-01 0.832E-01 0.627E-01 0.452E-01 0.378E-01 0.246E-01
 105.000 565.000 538 918 444 631 818 633 934 644 0.365E+00 0.197E+00 0.115E+00 0.919E-01 0.750E-01 0.735E-01 0.591E-01 0.458E-01
 115.000 565.000 538 918 444 631 818 934 633 644 0.423E+00 0.251E+00 0.110E+00 0.108E+00 0.935E-01 0.752E-01 0.748E-01 0.470E-01
 125.000 565.000 538 918 631 818 444 934 633 738 0.465E+00 0.317E+00 0.126E+00 0.116E+00 0.103E+00 0.955E-01 0.743E-01 0.513E-01
 135.000 565.000 538 918 818 631 934 444 633 738 0.473E+00 0.398E+00 0.142E+00 0.142E+00 0.121E+00 0.938E-01 0.721E-01 0.568E-01
 145.000 565.000 918 538 818 631 934 444 633 807 0.492E+00 0.444E+00 0.173E+00 0.158E+00 0.153E+00 0.836E-01 0.684E-01 0.649E-01
 155.000 565.000 918 538 818 934 631 807 444 929 0.588E+00 0.391E+00 0.207E+00 0.192E+00 0.169E+00 0.773E-01 0.730E-01 0.704E-01
 165.000 565.000 918 538 818 934 631 807 929 738 0.649E+00 0.330E+00 0.242E+00 0.239E+00 0.176E+00 0.908E-01 0.899E-01 0.681E-01
 175.000 565.000 918 934 818 538 631 929 807 738 0.628E+00 0.294E+00 0.276E+00 0.271E+00 0.176E+00 0.115E+00 0.105E+00 0.692E-01
 185.000 565.000 918 934 818 538 631 929 807 738 0.543E+00 0.356E+00 0.301E+00 0.220E+00 0.171E+00 0.146E+00 0.119E+00 0.687E-01
 195.000 565.000 918 934 818 929 538 631 807 738 0.446E+00 0.417E+00 0.314E+00 0.186E+00 0.176E+00 0.159E+00 0.132E+00 0.667E-01
 205.000 565.000 934 918 818 929 631 807 538 738 0.465E+00 0.358E+00 0.310E+00 0.235E+00 0.145E+00 0.143E+00 0.140E+00 0.633E-01
 215.000 565.000 934 929 818 918 807 631 538 722 0.482E+00 0.296E+00 0.291E+00 0.284E+00 0.149E+00 0.128E+00 0.111E+00 0.625E-01
 225.000 565.000 934 929 818 918 807 631 538 722 0.460E+00 0.369E+00 0.261E+00 0.224E+00 0.151E+00 0.111E+00 0.875E-01 0.652E-01
 235.000 565.000 929 934 818 918 807 631 538 722 0.452E+00 0.409E+00 0.226E+00 0.176E+00 0.149E+00 0.941E-01 0.689E-01 0.664E-01
 245.000 565.000 929 934 818 807 918 631 722 538 0.535E+00 0.347E+00 0.191E+00 0.141E+00 0.138E+00 0.789E-01 0.662E-01 0.541E-01
 255.000 565.000 929 934 818 807 918 631 722 538 0.590E+00 0.286E+00 0.159E+00 0.130E+00 0.108E+00 0.653E-01 0.645E-01 0.425E-01
 265.000 565.000 929 934 818 807 918 722 631 538 0.584E+00 0.232E+00 0.130E+00 0.117E+00 0.844E-01 0.614E-01 0.536E-01 0.333E-01
 275.000 565.000 929 934 818 807 918 722 631 738 0.521E+00 0.186E+00 0.105E+00 0.103E+00 0.660E-01 0.573E-01 0.437E-01 0.267E-01
  95.000 555.000 538 918 444 631 633 818 644 934 0.349E+00 0.161E+00 0.150E+00 0.904E-01 0.899E-01 0.657E-01 0.558E-01 0.433E-01
 105.000 555.000 538 918 444 631 633 818 644 934 0.431E+00 0.207E+00 0.148E+00 0.109E+00 0.941E-01 0.830E-01 0.586E-01 0.549E-01
 115.000 555.000 538 918 444 631 818 633 934 644 0.519E+00 0.265E+00 0.141E+00 0.131E+00 0.105E+00 0.960E-01 0.693E-01 0.604E-01
 125.000 555.000 538 918 631 818 444 633 934 738 0.591E+00 0.340E+00 0.154E+00 0.131E+00 0.130E+00 0.954E-01 0.873E-01 0.641E-01
 135.000 555.000 538 918 631 818 444 934 633 738 0.607E+00 0.434E+00 0.177E+00 0.163E+00 0.117E+00 0.110E+00 0.922E-01 0.715E-01
 145.000 555.000 538 918 818 631 934 444 633 738 0.555E+00 0.553E+00 0.202E+00 0.199E+00 0.137E+00 0.103E+00 0.870E-01 0.782E-01
 155.000 555.000 918 538 818 631 934 807 444 738 0.697E+00 0.470E+00 0.246E+00 0.216E+00 0.169E+00 0.924E-01 0.893E-01 0.836E-01
 165.000 555.000 918 538 818 631 934 807 929 738 0.828E+00 0.384E+00 0.295E+00 0.226E+00 0.207E+00 0.110E+00 0.937E-01 0.873E-01
 175.000 555.000 918 818 538 934 631 807 929 738 0.774E+00 0.343E+00 0.308E+00 0.250E+00 0.226E+00 0.129E+00 0.120E+00 0.889E-01
 185.000 555.000 918 818 934 538 631 929 807 738 0.625E+00 0.382E+00 0.294E+00 0.244E+00 0.218E+00 0.154E+00 0.148E+00 0.882E-01
 195.000 555.000 918 818 934 631 929 538 807 738 0.493E+00 0.403E+00 0.335E+00 0.201E+00 0.197E+00 0.193E+00 0.166E+00 0.853E-01
 205.000 555.000 818 918 934 929 807 631 538 738 0.396E+00 0.386E+00 0.365E+00 0.252E+00 0.182E+00 0.180E+00 0.152E+00 0.805E-01
 215.000 555.000 934 818 929 918 807 631 538 722 0.375E+00 0.366E+00 0.322E+00 0.302E+00 0.191E+00 0.157E+00 0.119E+00 0.797E-01
 225.000 555.000 929 934 818 918 807 631 538 722 0.409E+00 0.362E+00 0.321E+00 0.236E+00 0.194E+00 0.134E+00 0.933E-01 0.835E-01
 235.000 555.000 929 934 818 807 918 631 722 538 0.517E+00 0.330E+00 0.272E+00 0.190E+00 0.184E+00 0.112E+00 0.853E-01 0.730E-01
 245.000 555.000 929 934 818 807 918 631 722 538 0.642E+00 0.288E+00 0.225E+00 0.179E+00 0.143E+00 0.929E-01 0.850E-01 0.571E-01
 255.000 555.000 929 934 818 807 918 722 631 738 0.751E+00 0.243E+00 0.183E+00 0.164E+00 0.112E+00 0.826E-01 0.760E-01 0.447E-01
 265.000 555.000 929 934 818 807 918 722 631 738 0.737E+00 0.201E+00 0.148E+00 0.145E+00 0.870E-01 0.783E-01 0.617E-01 0.380E-01
 275.000 555.000 929 934 807 818 722 918 631 738 0.619E+00 0.164E+00 0.126E+00 0.118E+00 0.725E-01 0.678E-01 0.498E-01 0.319E-01
  95.000 545.000 538 444 918 633 631 644 818 738 0.382E+00 0.193E+00 0.163E+00 0.115E+00 0.105E+00 0.710E-01 0.706E-01 0.505E-01
 105.000 545.000 538 918 444 631 633 818 644 738 0.485E+00 0.209E+00 0.189E+00 0.128E+00 0.121E+00 0.899E-01 0.750E-01 0.596E-01
 115.000 545.000 538 918 444 631 633 818 644 738 0.610E+00 0.268E+00 0.179E+00 0.156E+00 0.123E+00 0.114E+00 0.775E-01 0.695E-01
 125.000 545.000 538 918 631 444 818 633 738 934 0.738E+00 0.344E+00 0.186E+00 0.164E+00 0.145E+00 0.122E+00 0.797E-01 0.782E-01
 135.000 545.000 538 918 631 818 444 633 934 738 0.775E+00 0.441E+00 0.218E+00 0.183E+00 0.146E+00 0.118E+00 0.970E-01 0.898E-01
 145.000 545.000 538 918 631 818 444 934 633 738 0.668E+00 0.566E+00 0.249E+00 0.229E+00 0.127E+00 0.119E+00 0.110E+00 0.990E-01
 155.000 545.000 918 538 818 631 934 807 444 738 0.724E+00 0.538E+00 0.285E+00 0.274E+00 0.146E+00 0.109E+00 0.108E+00 0.107E+00
 165.000 545.000 918 538 818 631 934 807 738 929 0.907E+00 0.425E+00 0.350E+00 0.289E+00 0.175E+00 0.132E+00 0.112E+00 0.951E-01
 175.000 545.000 918 818 538 631 934 807 929 738 0.820E+00 0.420E+00 0.334E+00 0.290E+00 0.207E+00 0.157E+00 0.122E+00 0.114E+00
 185.000 545.000 918 818 631 538 934 807 929 738 0.643E+00 0.482E+00 0.277E+00 0.261E+00 0.239E+00 0.183E+00 0.157E+00 0.113E+00
 195.000 545.000 818 918 934 631 807 538 929 738 0.516E+00 0.502E+00 0.267E+00 0.253E+00 0.208E+00 0.204E+00 0.201E+00 0.109E+00
 205.000 545.000 818 918 934 929 807 631 538 738 0.505E+00 0.391E+00 0.286E+00 0.259E+00 0.230E+00 0.223E+00 0.159E+00 0.102E+00
 215.000 545.000 818 929 918 934 807 631 538 722 0.455E+00 0.332E+00 0.305E+00 0.292E+00 0.245E+00 0.191E+00 0.124E+00 0.102E+00
 225.000 545.000 929 818 934 807 918 631 722 538 0.426E+00 0.388E+00 0.284E+00 0.250E+00 0.238E+00 0.160E+00 0.107E+00 0.970E-01
 235.000 545.000 929 818 934 807 918 631 722 538 0.547E+00 0.320E+00 0.263E+00 0.243E+00 0.185E+00 0.132E+00 0.110E+00 0.756E-01
 245.000 545.000 929 818 934 807 918 722 631 738 0.703E+00 0.258E+00 0.235E+00 0.227E+00 0.144E+00 0.109E+00 0.108E+00 0.635E-01
 255.000 545.000 929 818 807 934 918 722 631 738 0.901E+00 0.207E+00 0.205E+00 0.203E+00 0.112E+00 0.106E+00 0.870E-01 0.541E-01
 265.000 545.000 929 807 934 818 722 918 631 738 0.862E+00 0.179E+00 0.171E+00 0.164E+00 0.995E-01 0.875E-01 0.699E-01 0.455E-01
 275.000 545.000 929 807 934 818 722 918 631 738 0.672E+00 0.152E+00 0.142E+00 0.130E+00 0.915E-01 0.682E-01 0.559E-01 0.379E-01
  95.000 535.000 538 444 918 633 631 644 818 738 0.395E+00 0.247E+00 0.158E+00 0.146E+00 0.119E+00 0.903E-01 0.743E-01 0.603E-01
 105.000 535.000 538 444 918 633 631 644 818 738 0.507E+00 0.242E+00 0.202E+00 0.154E+00 0.148E+00 0.959E-01 0.951E-01 0.719E-01
 115.000 535.000 538 918 444 631 633 818 644 738 0.650E+00 0.258E+00 0.227E+00 0.182E+00 0.158E+00 0.122E+00 0.994E-01 0.848E-01
 125.000 535.000 538 918 631 444 633 818 644 738 0.835E+00 0.329E+00 0.222E+00 0.205E+00 0.157E+00 0.155E+00 0.100E+00 0.984E-01
 135.000 535.000 538 918 631 818 444 633 738 644 0.932E+00 0.416E+00 0.265E+00 0.198E+00 0.180E+00 0.150E+00 0.112E+00 0.984E-01
 145.000 535.000 538 918 631 818 444 633 738 934 0.726E+00 0.522E+00 0.309E+00 0.252E+00 0.154E+00 0.140E+00 0.125E+00 0.102E+00
 155.000 535.000 918 538 631 818 738 444 633 807 0.637E+00 0.566E+00 0.347E+00 0.319E+00 0.136E+00 0.129E+00 0.126E+00 0.126E+00
 165.000 535.000 918 538 818 631 807 934 738 633 0.720E+00 0.440E+00 0.401E+00 0.371E+00 0.155E+00 0.146E+00 0.143E+00 0.112E+00
 175.000 535.000 918 818 631 538 807 934 738 929 0.689E+00 0.497E+00 0.372E+00 0.343E+00 0.187E+00 0.169E+00 0.147E+00 0.121E+00
 185.000 535.000 818 918 631 538 807 934 929 738 0.597E+00 0.582E+00 0.352E+00 0.267E+00 0.223E+00 0.192E+00 0.155E+00 0.145E+00
 195.000 535.000 818 918 631 807 934 538 929 738 0.662E+00 0.469E+00 0.315E+00 0.259E+00 0.211E+00 0.208E+00 0.198E+00 0.139E+00
 205.000 535.000 818 918 807 631 929 934 538 738 0.640E+00 0.372E+00 0.291E+00 0.271E+00 0.254E+00 0.224E+00 0.162E+00 0.130E+00
 215.000 535.000 818 929 807 918 934 631 722 538 0.552E+00 0.324E+00 0.313E+00 0.293E+00 0.228E+00 0.228E+00 0.129E+00 0.126E+00
 225.000 535.000 818 929 807 918 934 631 722 738 0.452E+00 0.413E+00 0.321E+00 0.230E+00 0.222E+00 0.187E+00 0.137E+00 0.104E+00
 235.000 535.000 929 818 807 934 918 631 722 738 0.524E+00 0.361E+00 0.311E+00 0.208E+00 0.180E+00 0.152E+00 0.141E+00 0.902E-01
 245.000 535.000 929 807 818 934 918 722 631 738 0.656E+00 0.286E+00 0.286E+00 0.189E+00 0.141E+00 0.140E+00 0.122E+00 0.770E-01
 255.000 535.000 929 807 818 934 722 918 631 738 0.776E+00 0.253E+00 0.226E+00 0.166E+00 0.135E+00 0.110E+00 0.978E-01 0.648E-01
 265.000 535.000 929 807 818 934 722 918 631 738 0.759E+00 0.217E+00 0.177E+00 0.142E+00 0.126E+00 0.858E-01 0.778E-01 0.539E-01
 105.000 525.000 538 444 633 918 631 644 818 738 0.484E+00 0.309E+00 0.197E+00 0.189E+00 0.166E+00 0.123E+00 0.980E-01 0.858E-01
 115.000 525.000 538 444 918 631 633 644 818 738 0.607E+00 0.287E+00 0.238E+00 0.207E+00 0.203E+00 0.127E+00 0.126E+00 0.102E+00
 125.000 525.000 538 918 631 444 633 818 644 738 0.732E+00 0.298E+00 0.257E+00 0.255E+00 0.201E+00 0.161E+00 0.129E+00 0.120E+00
 135.000 525.000 538 918 631 444 818 633 738 644 0.768E+00 0.369E+00 0.315E+00 0.219E+00 0.207E+00 0.192E+00 0.139E+00 0.126E+00
 145.000 525.000 538 918 631 818 444 633 738 644 0.664E+00 0.447E+00 0.377E+00 0.265E+00 0.184E+00 0.176E+00 0.157E+00 0.120E+00
 155.000 525.000 538 918 631 818 738 633 444 807 0.536E+00 0.520E+00 0.436E+00 0.340E+00 0.172E+00 0.157E+00 0.152E+00 0.143E+00
 165.000 525.000 918 631 818 538 738 807 633 444 0.562E+00 0.474E+00 0.435E+00 0.424E+00 0.183E+00 0.178E+00 0.137E+00 0.124E+00
 175.000 525.000 818 918 631 538 807 738 934 633 0.555E+00 0.548E+00 0.477E+00 0.333E+00 0.219E+00 0.188E+00 0.137E+00 0.117E+00
 185.000 525.000 818 918 631 807 538 738 934 929 0.702E+00 0.487E+00 0.443E+00 0.267E+00 0.261E+00 0.186E+00 0.153E+00 0.147E+00
 195.000 525.000 818 918 631 807 538 929 738 934 0.843E+00 0.410E+00 0.386E+00 0.317E+00 0.204E+00 0.188E+00 0.177E+00 0.166E+00
 205.000 525.000 818 807 918 631 929 934 738 538 0.786E+00 0.365E+00 0.334E+00 0.324E+00 0.238E+00 0.175E+00 0.164E+00 0.159E+00
 215.000 525.000 818 807 929 918 631 934 722 738 0.631E+00 0.400E+00 0.300E+00 0.268E+00 0.265E+00 0.177E+00 0.164E+00 0.146E+00
 225.000 525.000 818 807 929 631 918 722 934 738 0.496E+00 0.412E+00 0.375E+00 0.214E+00 0.213E+00 0.175E+00 0.174E+00 0.128E+00
 235.000 525.000 929 807 818 722 631 918 934 738 0.462E+00 0.395E+00 0.388E+00 0.180E+00 0.171E+00 0.169E+00 0.164E+00 0.110E+00
 245.000 525.000 929 807 818 722 934 631 918 738 0.550E+00 0.358E+00 0.303E+00 0.179E+00 0.151E+00 0.136E+00 0.133E+00 0.923E-01
 255.000 525.000 929 807 818 722 934 631 918 738 0.611E+00 0.309E+00 0.237E+00 0.172E+00 0.134E+00 0.107E+00 0.104E+00 0.767E-01
 265.000 525.000 929 807 818 722 934 631 918 738 0.604E+00 0.259E+00 0.185E+00 0.160E+00 0.117E+00 0.847E-01 0.820E-01 0.632E-01
 105.000 515.000 538 444 633 631 918 644 738 818 0.429E+00 0.394E+00 0.252E+00 0.181E+00 0.171E+00 0.156E+00 0.101E+00 0.983E-01
 115.000 515.000 538 444 633 631 918 644 818 738 0.515E+00 0.359E+00 0.261E+00 0.229E+00 0.212E+00 0.163E+00 0.126E+00 0.122E+00
 125.000 515.000 538 444 631 918 633 644 818 738 0.585E+00 0.311E+00 0.289E+00 0.260E+00 0.258E+00 0.165E+00 0.162E+00 0.146E+00
 135.000 515.000 538 631 918 444 633 818 738 644 0.601E+00 0.363E+00 0.314E+00 0.262E+00 0.243E+00 0.208E+00 0.171E+00 0.161E+00
 145.000 515.000 538 631 918 818 633 444 738 644 0.550E+00 0.448E+00 0.369E+00 0.267E+00 0.221E+00 0.216E+00 0.196E+00 0.152E+00
 155.000 515.000 631 538 918 818 738 633 444 807 0.537E+00 0.467E+00 0.414E+00 0.342E+00 0.218E+00 0.194E+00 0.175E+00 0.158E+00
 165.000 515.000 631 818 918 538 738 807 633 444 0.605E+00 0.439E+00 0.438E+00 0.382E+00 0.234E+00 0.200E+00 0.166E+00 0.141E+00
 175.000 515.000 631 818 918 538 807 738 633 722 0.610E+00 0.563E+00 0.430E+00 0.306E+00 0.250E+00 0.242E+00 0.140E+00 0.116E+00
 185.000 515.000 818 631 918 807 538 738 722 929 0.718E+00 0.549E+00 0.394E+00 0.311E+00 0.243E+00 0.238E+00 0.138E+00 0.136E+00
 195.000 515.000 818 631 807 918 738 538 929 722 0.892E+00 0.460E+00 0.379E+00 0.343E+00 0.225E+00 0.192E+00 0.172E+00 0.162E+00
 205.000 515.000 818 807 631 918 929 738 722 538 0.815E+00 0.450E+00 0.374E+00 0.288E+00 0.215E+00 0.205E+00 0.186E+00 0.151E+00
 215.000 515.000 818 807 631 929 918 722 738 934 0.643E+00 0.508E+00 0.299E+00 0.266E+00 0.236E+00 0.207E+00 0.181E+00 0.138E+00
 225.000 515.000 807 818 929 631 722 918 738 934 0.528E+00 0.502E+00 0.325E+00 0.237E+00 0.223E+00 0.191E+00 0.156E+00 0.136E+00
 235.000 515.000 807 818 929 722 631 918 738 934 0.500E+00 0.392E+00 0.387E+00 0.232E+00 0.187E+00 0.153E+00 0.131E+00 0.129E+00
 245.000 515.000 929 807 818 722 631 918 934 738 0.444E+00 0.439E+00 0.305E+00 0.230E+00 0.147E+00 0.122E+00 0.120E+00 0.109E+00
 255.000 515.000 929 807 818 722 631 934 918 738 0.477E+00 0.368E+00 0.238E+00 0.219E+00 0.115E+00 0.108E+00 0.968E-01 0.896E-01
 265.000 515.000 929 807 722 818 934 631 918 738 0.474E+00 0.300E+00 0.201E+00 0.185E+00 0.953E-01 0.901E-01 0.765E-01 0.729E-01
  95.000 505.000 444 538 633 644 631 437 918 738 0.523E+00 0.302E+00 0.293E+00 0.182E+00 0.149E+00 0.126E+00 0.121E+00 0.944E-01
 105.000 505.000 444 538 633 644 631 918 437 738 0.500E+00 0.362E+00 0.321E+00 0.199E+00 0.190E+00 0.150E+00 0.123E+00 0.117E+00
 115.000 505.000 444 538 633 631 644 918 738 818 0.443E+00 0.419E+00 0.335E+00 0.244E+00 0.209E+00 0.183E+00 0.143E+00 0.123E+00
 125.000 505.000 538 444 633 631 918 644 738 818 0.460E+00 0.373E+00 0.330E+00 0.312E+00 0.221E+00 0.212E+00 0.174E+00 0.157E+00
 135.000 505.000 538 631 633 444 918 738 644 818 0.468E+00 0.398E+00 0.308E+00 0.305E+00 0.260E+00 0.208E+00 0.206E+00 0.201E+00
 145.000 505.000 631 538 918 633 818 444 738 644 0.505E+00 0.440E+00 0.298E+00 0.275E+00 0.256E+00 0.246E+00 0.242E+00 0.193E+00
 155.000 505.000 631 538 918 818 738 633 444 644 0.634E+00 0.388E+00 0.327E+00 0.326E+00 0.274E+00 0.237E+00 0.196E+00 0.175E+00
 165.000 505.000 631 818 918 538 738 807 633 444 0.761E+00 0.412E+00 0.341E+00 0.328E+00 0.299E+00 0.217E+00 0.199E+00 0.155E+00
 175.000 505.000 631 818 918 738 807 538 633 722 0.774E+00 0.515E+00 0.337E+00 0.310E+00 0.275E+00 0.270E+00 0.164E+00 0.136E+00
 185.000 505.000 631 818 807 918 738 538 722 633 0.653E+00 0.627E+00 0.349E+00 0.314E+00 0.305E+00 0.219E+00 0.165E+00 0.134E+00
 195.000 505.000 818 631 807 738 918 722 538 929 0.705E+00 0.522E+00 0.438E+00 0.285E+00 0.280E+00 0.197E+00 0.175E+00 0.153E+00
 205.000 505.000 818 807 631 738 918 722 929 538 0.678E+00 0.540E+00 0.411E+00 0.256E+00 0.241E+00 0.230E+00 0.188E+00 0.139E+00
 215.000 505.000 807 818 631 722 929 738 918 538 0.637E+00 0.576E+00 0.323E+00 0.261E+00 0.228E+00 0.222E+00 0.202E+00 0.110E+00
 225.000 505.000 807 818 722 929 631 738 918 934 0.678E+00 0.466E+00 0.285E+00 0.272E+00 0.252E+00 0.187E+00 0.167E+00 0.106E+00
 235.000 505.000 807 818 929 722 631 738 918 934 0.624E+00 0.370E+00 0.316E+00 0.297E+00 0.197E+00 0.155E+00 0.136E+00 0.101E+00
 245.000 505.000 807 929 722 818 631 738 918 934 0.523E+00 0.352E+00 0.295E+00 0.292E+00 0.154E+00 0.127E+00 0.109E+00 0.946E-01
  95.000 495.000 444 633 538 644 437 631 918 738 0.672E+00 0.364E+00 0.254E+00 0.228E+00 0.162E+00 0.151E+00 0.106E+00 0.106E+00
 105.000 495.000 444 633 538 644 631 437 738 918 0.627E+00 0.407E+00 0.297E+00 0.252E+00 0.193E+00 0.157E+00 0.132E+00 0.129E+00
 115.000 495.000 444 633 538 644 631 738 918 437 0.530E+00 0.430E+00 0.335E+00 0.268E+00 0.248E+00 0.165E+00 0.155E+00 0.147E+00
 125.000 495.000 444 633 538 631 644 738 918 818 0.430E+00 0.422E+00 0.360E+00 0.319E+00 0.272E+00 0.203E+00 0.183E+00 0.148E+00
 135.000 495.000 631 633 538 444 644 738 918 818 0.410E+00 0.387E+00 0.365E+00 0.343E+00 0.264E+00 0.248E+00 0.212E+00 0.187E+00
 145.000 495.000 631 538 633 738 444 644 918 818 0.526E+00 0.348E+00 0.337E+00 0.295E+00 0.271E+00 0.244E+00 0.237E+00 0.236E+00
 155.000 495.000 631 738 538 818 633 918 644 444 0.675E+00 0.342E+00 0.315E+00 0.295E+00 0.283E+00 0.257E+00 0.218E+00 0.213E+00
 165.000 495.000 631 738 818 538 918 633 807 644 0.866E+00 0.380E+00 0.364E+00 0.273E+00 0.266E+00 0.233E+00 0.226E+00 0.188E+00
 175.000 495.000 631 818 738 807 918 538 633 644 0.897E+00 0.440E+00 0.398E+00 0.290E+00 0.263E+00 0.230E+00 0.189E+00 0.159E+00
 185.000 495.000 631 818 738 807 918 722 538 633 0.699E+00 0.511E+00 0.390E+00 0.372E+00 0.249E+00 0.193E+00 0.190E+00 0.151E+00
 195.000 495.000 818 631 807 738 722 918 538 929 0.551E+00 0.545E+00 0.476E+00 0.359E+00 0.234E+00 0.226E+00 0.155E+00 0.132E+00
 205.000 495.000 807 818 631 738 722 918 929 538 0.607E+00 0.538E+00 0.424E+00 0.315E+00 0.280E+00 0.198E+00 0.160E+00 0.125E+00
 215.000 495.000 807 818 631 722 738 929 918 538 0.765E+00 0.480E+00 0.330E+00 0.324E+00 0.266E+00 0.191E+00 0.169E+00 0.100E+00
 225.000 495.000 807 818 722 631 929 738 918 934 0.870E+00 0.405E+00 0.361E+00 0.257E+00 0.223E+00 0.220E+00 0.142E+00 0.825E-01
 235.000 495.000 807 722 818 929 631 738 918 934 0.739E+00 0.381E+00 0.331E+00 0.254E+00 0.200E+00 0.180E+00 0.117E+00 0.794E-01
 245.000 495.000 807 722 929 818 631 738 918 934 0.584E+00 0.378E+00 0.278E+00 0.266E+00 0.156E+00 0.145E+00 0.960E-01 0.746E-01
 255.000 495.000 807 722 929 818 631 738 918 934 0.457E+00 0.352E+00 0.290E+00 0.212E+00 0.122E+00 0.116E+00 0.778E-01 0.685E-01
 265.000 495.000 807 722 929 818 631 738 918 934 0.357E+00 0.311E+00 0.289E+00 0.168E+00 0.947E-01 0.921E-01 0.626E-01 0.617E-01
  95.000 485.000 444 633 644 538 437 631 738 301 0.863E+00 0.443E+00 0.283E+00 0.210E+00 0.208E+00 0.148E+00 0.116E+00 0.107E+00
 105.000 485.000 444 633 644 538 437 631 738 918 0.751E+00 0.512E+00 0.319E+00 0.240E+00 0.200E+00 0.189E+00 0.147E+00 0.109E+00
 115.000 485.000 444 633 644 538 631 437 738 918 0.597E+00 0.551E+00 0.343E+00 0.265E+00 0.242E+00 0.186E+00 0.185E+00 0.129E+00
 125.000 485.000 633 444 644 631 538 738 437 918 0.537E+00 0.468E+00 0.350E+00 0.309E+00 0.281E+00 0.232E+00 0.167E+00 0.150E+00
 135.000 485.000 633 631 444 644 738 538 918 818 0.478E+00 0.394E+00 0.366E+00 0.336E+00 0.288E+00 0.285E+00 0.170E+00 0.169E+00
 145.000 485.000 631 633 738 644 444 538 818 918 0.499E+00 0.403E+00 0.352E+00 0.306E+00 0.285E+00 0.274E+00 0.209E+00 0.188E+00
 155.000 485.000 631 738 633 644 818 538 444 918 0.622E+00 0.420E+00 0.329E+00 0.268E+00 0.257E+00 0.252E+00 0.223E+00 0.201E+00
 165.000 485.000 631 738 818 633 644 807 538 918 0.739E+00 0.480E+00 0.309E+00 0.265E+00 0.227E+00 0.227E+00 0.223E+00 0.207E+00
 175.000 485.000 631 738 818 807 633 918 538 644 0.750E+00 0.511E+00 0.362E+00 0.291E+00 0.211E+00 0.205E+00 0.192E+00 0.188E+00
 185.000 485.000 631 738 818 807 722 918 633 538 0.640E+00 0.497E+00 0.406E+00 0.373E+00 0.220E+00 0.196E+00 0.167E+00 0.162E+00
 195.000 485.000 631 807 738 818 722 918 538 633 0.515E+00 0.478E+00 0.446E+00 0.429E+00 0.273E+00 0.180E+00 0.134E+00 0.132E+00
 205.000 485.000 807 818 631 738 722 918 929 538 0.611E+00 0.422E+00 0.407E+00 0.379E+00 0.334E+00 0.160E+00 0.134E+00 0.110E+00
 215.000 485.000 807 722 818 631 738 929 918 131 0.774E+00 0.398E+00 0.388E+00 0.320E+00 0.313E+00 0.158E+00 0.140E+00 0.943E-01
 225.000 485.000 807 722 818 738 631 929 918 131 0.892E+00 0.456E+00 0.338E+00 0.253E+00 0.251E+00 0.181E+00 0.119E+00 0.866E-01
 235.000 485.000 807 722 818 738 929 631 918 131 0.746E+00 0.489E+00 0.285E+00 0.202E+00 0.202E+00 0.196E+00 0.998E-01 0.778E-01
 245.000 485.000 807 722 818 929 738 631 918 131 0.587E+00 0.483E+00 0.234E+00 0.218E+00 0.161E+00 0.153E+00 0.826E-01 0.686E-01
 255.000 485.000 807 722 929 818 738 631 918 131 0.459E+00 0.440E+00 0.226E+00 0.190E+00 0.127E+00 0.120E+00 0.677E-01 0.595E-01
 265.000 485.000 722 807 929 818 738 631 918 131 0.379E+00 0.358E+00 0.225E+00 0.152E+00 0.100E+00 0.932E-01 0.551E-01 0.509E-01
  85.000 475.000 444 633 644 437 301 538 631 235 0.760E+00 0.415E+00 0.288E+00 0.267E+00 0.150E+00 0.148E+00 0.110E+00 0.101E+00
  95.000 475.000 444 633 644 437 538 631 301 738 0.902E+00 0.519E+00 0.345E+00 0.267E+00 0.170E+00 0.141E+00 0.133E+00 0.123E+00
 105.000 475.000 444 633 644 437 538 631 738 301 0.767E+00 0.630E+00 0.399E+00 0.255E+00 0.192E+00 0.179E+00 0.157E+00 0.116E+00
 115.000 475.000 633 444 644 437 631 538 738 230 0.706E+00 0.603E+00 0.438E+00 0.234E+00 0.226E+00 0.209E+00 0.201E+00 0.116E+00
 125.000 475.000 633 444 644 631 738 538 437 230 0.676E+00 0.471E+00 0.449E+00 0.285E+00 0.255E+00 0.220E+00 0.207E+00 0.123E+00
 135.000 475.000 633 644 444 631 738 538 437 818 0.573E+00 0.426E+00 0.368E+00 0.356E+00 0.323E+00 0.222E+00 0.178E+00 0.148E+00
 145.000 475.000 633 631 738 644 444 538 818 437 0.463E+00 0.438E+00 0.405E+00 0.379E+00 0.287E+00 0.215E+00 0.181E+00 0.150E+00
 155.000 475.000 631 738 633 644 444 818 538 807 0.522E+00 0.501E+00 0.368E+00 0.323E+00 0.223E+00 0.217E+00 0.200E+00 0.171E+00
 165.000 475.000 738 631 633 644 818 807 538 444 0.597E+00 0.585E+00 0.290E+00 0.268E+00 0.256E+00 0.218E+00 0.180E+00 0.174E+00
 175.000 475.000 738 631 818 807 633 644 722 918 0.655E+00 0.589E+00 0.292E+00 0.277E+00 0.228E+00 0.218E+00 0.192E+00 0.160E+00
 185.000 475.000 738 631 807 818 722 633 644 918 0.628E+00 0.533E+00 0.352E+00 0.321E+00 0.243E+00 0.178E+00 0.175E+00 0.154E+00
 195.000 475.000 738 631 807 818 722 918 644 633 0.540E+00 0.450E+00 0.443E+00 0.335E+00 0.307E+00 0.143E+00 0.140E+00 0.139E+00
 205.000 475.000 807 738 722 631 818 918 131 929 0.548E+00 0.442E+00 0.385E+00 0.367E+00 0.330E+00 0.129E+00 0.128E+00 0.111E+00
 215.000 475.000 807 722 738 818 631 929 131 918 0.651E+00 0.474E+00 0.354E+00 0.309E+00 0.295E+00 0.128E+00 0.120E+00 0.114E+00
 225.000 475.000 807 722 738 818 631 929 131 918 0.696E+00 0.565E+00 0.280E+00 0.276E+00 0.234E+00 0.145E+00 0.109E+00 0.983E-01
 235.000 475.000 807 722 818 738 631 929 131 918 0.636E+00 0.626E+00 0.238E+00 0.221E+00 0.185E+00 0.160E+00 0.968E-01 0.836E-01
 245.000 475.000 722 807 818 738 929 631 131 918 0.614E+00 0.531E+00 0.200E+00 0.174E+00 0.171E+00 0.145E+00 0.844E-01 0.701E-01
 255.000 475.000 722 807 929 818 738 631 131 918 0.539E+00 0.427E+00 0.176E+00 0.165E+00 0.136E+00 0.114E+00 0.724E-01 0.581E-01
 265.000 475.000 722 807 929 818 738 631 131 918 0.446E+00 0.339E+00 0.176E+00 0.135E+00 0.106E+00 0.895E-01 0.612E-01 0.478E-01
  75.000 465.000 444 633 437 644 301 235 538 230 0.540E+00 0.345E+00 0.322E+00 0.267E+00 0.208E+00 0.128E+00 0.104E+00 0.895E-01
  85.000 465.000 444 633 437 644 301 235 538 230 0.647E+00 0.443E+00 0.342E+00 0.333E+00 0.188E+00 0.130E+00 0.121E+00 0.105E+00
  95.000 465.000 444 633 644 437 301 538 631 738 0.703E+00 0.567E+00 0.410E+00 0.343E+00 0.164E+00 0.137E+00 0.130E+00 0.128E+00
 105.000 465.000 633 444 644 437 738 631 538 301 0.724E+00 0.651E+00 0.491E+00 0.324E+00 0.164E+00 0.163E+00 0.152E+00 0.141E+00
 115.000 465.000 633 644 444 437 738 631 538 230 0.896E+00 0.556E+00 0.545E+00 0.292E+00 0.210E+00 0.204E+00 0.164E+00 0.148E+00
 125.000 465.000 633 644 444 738 437 631 538 230 0.810E+00 0.576E+00 0.439E+00 0.270E+00 0.254E+00 0.252E+00 0.171E+00 0.157E+00
 135.000 465.000 633 644 444 738 631 437 538 230 0.638E+00 0.535E+00 0.348E+00 0.345E+00 0.308E+00 0.214E+00 0.173E+00 0.162E+00
 145.000 465.000 633 644 738 631 444 437 538 230 0.498E+00 0.460E+00 0.441E+00 0.368E+00 0.274E+00 0.177E+00 0.168E+00 0.161E+00
 155.000 465.000 738 631 633 644 444 818 807 538 0.562E+00 0.422E+00 0.389E+00 0.380E+00 0.215E+00 0.180E+00 0.160E+00 0.158E+00
 165.000 465.000 738 631 644 633 818 807 444 131 0.708E+00 0.458E+00 0.306E+00 0.303E+00 0.208E+00 0.202E+00 0.169E+00 0.158E+00
 175.000 465.000 738 631 807 644 633 818 722 131 0.838E+00 0.461E+00 0.253E+00 0.244E+00 0.236E+00 0.233E+00 0.202E+00 0.168E+00
 185.000 465.000 738 631 807 722 818 644 633 131 0.769E+00 0.429E+00 0.315E+00 0.258E+00 0.252E+00 0.194E+00 0.184E+00 0.172E+00
 195.000 465.000 738 807 631 722 818 131 644 633 0.618E+00 0.386E+00 0.376E+00 0.330E+00 0.261E+00 0.171E+00 0.153E+00 0.143E+00
 205.000 465.000 738 807 722 631 818 131 644 633 0.487E+00 0.459E+00 0.422E+00 0.316E+00 0.258E+00 0.163E+00 0.120E+00 0.112E+00
 215.000 465.000 722 807 738 631 818 131 929 644 0.536E+00 0.520E+00 0.381E+00 0.260E+00 0.244E+00 0.151E+00 0.103E+00 0.942E-01
 225.000 465.000 722 807 738 818 631 131 929 918 0.672E+00 0.542E+00 0.298E+00 0.222E+00 0.210E+00 0.136E+00 0.116E+00 0.804E-01
 235.000 465.000 722 807 738 818 631 929 131 918 0.797E+00 0.512E+00 0.232E+00 0.195E+00 0.168E+00 0.126E+00 0.120E+00 0.692E-01
 245.000 465.000 722 807 738 818 631 929 131 918 0.767E+00 0.448E+00 0.181E+00 0.167E+00 0.134E+00 0.134E+00 0.103E+00 0.587E-01
 255.000 465.000 722 807 738 818 929 631 131 918 0.629E+00 0.374E+00 0.141E+00 0.140E+00 0.137E+00 0.106E+00 0.872E-01 0.492E-01
 265.000 465.000 722 807 929 818 738 631 131 918 0.499E+00 0.304E+00 0.137E+00 0.116E+00 0.110E+00 0.838E-01 0.728E-01 0.409E-01
  65.000 455.000 444 437 301 633 644 235 318 230 0.381E+00 0.356E+00 0.284E+00 0.267E+00 0.227E+00 0.157E+00 0.106E+00 0.894E-01
  75.000 455.000 444 437 633 644 301 235 230 318 0.456E+00 0.406E+00 0.342E+00 0.290E+00 0.262E+00 0.164E+00 0.107E+00 0.977E-01
  85.000 455.000 444 633 437 644 301 235 230 738 0.520E+00 0.438E+00 0.438E+00 0.368E+00 0.233E+00 0.166E+00 0.127E+00 0.100E+00
  95.000 455.000 633 444 644 437 301 235 230 738 0.559E+00 0.547E+00 0.466E+00 0.439E+00 0.200E+00 0.163E+00 0.148E+00 0.129E+00
 105.000 455.000 633 644 444 437 230 301 738 235 0.706E+00 0.581E+00 0.522E+00 0.409E+00 0.169E+00 0.168E+00 0.165E+00 0.154E+00
 115.000 455.000 633 644 444 437 738 230 631 235 0.845E+00 0.696E+00 0.459E+00 0.360E+00 0.212E+00 0.187E+00 0.178E+00 0.141E+00
 125.000 455.000 633 644 444 437 738 631 230 538 0.781E+00 0.738E+00 0.384E+00 0.305E+00 0.272E+00 0.217E+00 0.201E+00 0.134E+00
 135.000 455.000 644 633 738 444 631 437 230 131 0.655E+00 0.627E+00 0.349E+00 0.312E+00 0.258E+00 0.251E+00 0.208E+00 0.136E+00
 145.000 455.000 644 633 738 631 444 230 437 131 0.536E+00 0.493E+00 0.448E+00 0.300E+00 0.251E+00 0.206E+00 0.204E+00 0.159E+00
 155.000 455.000 738 644 633 631 444 230 131 437 0.574E+00 0.427E+00 0.386E+00 0.336E+00 0.200E+00 0.197E+00 0.181E+00 0.164E+00
 165.000 455.000 738 631 644 633 131 230 807 818 0.733E+00 0.358E+00 0.336E+00 0.301E+00 0.200E+00 0.182E+00 0.180E+00 0.167E+00
 175.000 455.000 738 631 644 633 807 131 722 818 0.910E+00 0.359E+00 0.264E+00 0.235E+00 0.223E+00 0.215E+00 0.204E+00 0.184E+00
 185.000 455.000 738 631 807 722 131 644 818 633 0.806E+00 0.340E+00 0.271E+00 0.262E+00 0.221E+00 0.207E+00 0.197E+00 0.183E+00
 195.000 455.000 738 722 807 631 131 818 644 633 0.633E+00 0.337E+00 0.323E+00 0.306E+00 0.219E+00 0.203E+00 0.162E+00 0.143E+00
 205.000 455.000 738 722 807 631 131 818 644 633 0.494E+00 0.432E+00 0.373E+00 0.264E+00 0.208E+00 0.201E+00 0.126E+00 0.111E+00
 215.000 455.000 722 807 738 631 818 131 644 633 0.555E+00 0.410E+00 0.385E+00 0.222E+00 0.192E+00 0.190E+00 0.986E-01 0.867E-01
 225.000 455.000 722 807 738 631 818 131 929 644 0.712E+00 0.422E+00 0.300E+00 0.183E+00 0.177E+00 0.169E+00 0.917E-01 0.769E-01
 235.000 455.000 722 807 738 818 631 131 929 107 0.908E+00 0.405E+00 0.234E+00 0.158E+00 0.149E+00 0.146E+00 0.990E-01 0.602E-01
 245.000 455.000 722 807 738 818 131 631 929 107 0.846E+00 0.365E+00 0.182E+00 0.138E+00 0.124E+00 0.120E+00 0.104E+00 0.553E-01
 255.000 455.000 722 807 738 818 929 131 631 107 0.661E+00 0.315E+00 0.142E+00 0.117E+00 0.107E+00 0.104E+00 0.963E-01 0.498E-01
  45.000 445.000 301 437 444 235 633 318 644 230 0.370E+00 0.281E+00 0.219E+00 0.162E+00 0.156E+00 0.147E+00 0.142E+00 0.684E-01
  55.000 445.000 301 437 444 633 235 644 318 230 0.378E+00 0.350E+00 0.268E+00 0.199E+00 0.183E+00 0.182E+00 0.143E+00 0.848E-01
  65.000 445.000 437 301 444 633 644 235 318 230 0.427E+00 0.362E+00 0.320E+00 0.254E+00 0.234E+00 0.200E+00 0.135E+00 0.104E+00
  75.000 445.000 437 444 301 633 644 235 230 318 0.505E+00 0.371E+00 0.328E+00 0.321E+00 0.300E+00 0.211E+00 0.127E+00 0.123E+00
  85.000 445.000 437 444 633 644 301 235 230 318 0.559E+00 0.411E+00 0.404E+00 0.385E+00 0.285E+00 0.214E+00 0.153E+00 0.110E+00
  95.000 445.000 437 633 644 444 301 235 230 738 0.562E+00 0.500E+00 0.494E+00 0.426E+00 0.240E+00 0.208E+00 0.181E+00 0.125E+00
 105.000 445.000 644 633 437 444 230 301 235 738 0.634E+00 0.599E+00 0.510E+00 0.412E+00 0.210E+00 0.198E+00 0.195E+00 0.160E+00
 115.000 445.000 644 633 437 444 230 738 235 301 0.812E+00 0.662E+00 0.434E+00 0.373E+00 0.236E+00 0.205E+00 0.177E+00 0.161E+00
 125.000 445.000 644 633 437 444 738 230 631 235 0.933E+00 0.638E+00 0.356E+00 0.322E+00 0.262E+00 0.256E+00 0.182E+00 0.156E+00
 135.000 445.000 644 633 738 437 444 230 631 131 0.740E+00 0.549E+00 0.333E+00 0.287E+00 0.270E+00 0.266E+00 0.212E+00 0.163E+00
 145.000 445.000 644 633 738 230 631 437 444 131 0.577E+00 0.449E+00 0.421E+00 0.264E+00 0.241E+00 0.228E+00 0.221E+00 0.193E+00
 155.000 445.000 738 644 633 631 230 131 437 444 0.527E+00 0.450E+00 0.359E+00 0.265E+00 0.251E+00 0.224E+00 0.181E+00 0.179E+00
 165.000 445.000 738 644 633 631 131 230 807 722 0.640E+00 0.350E+00 0.284E+00 0.279E+00 0.253E+00 0.228E+00 0.157E+00 0.156E+00
 175.000 445.000 738 631 131 644 633 230 722 807 0.716E+00 0.280E+00 0.274E+00 0.273E+00 0.224E+00 0.201E+00 0.199E+00 0.190E+00
 185.000 445.000 738 131 631 722 807 644 633 230 0.680E+00 0.284E+00 0.268E+00 0.254E+00 0.227E+00 0.213E+00 0.176E+00 0.172E+00
 195.000 445.000 738 722 131 807 631 644 818 230 0.572E+00 0.324E+00 0.280E+00 0.264E+00 0.245E+00 0.166E+00 0.158E+00 0.144E+00
 205.000 445.000 738 722 807 131 631 818 644 230 0.461E+00 0.412E+00 0.298E+00 0.264E+00 0.216E+00 0.157E+00 0.129E+00 0.119E+00
 215.000 445.000 722 738 807 131 631 818 644 230 0.519E+00 0.366E+00 0.321E+00 0.238E+00 0.186E+00 0.151E+00 0.100E+00 0.977E-01
 225.000 445.000 722 807 738 131 631 818 107 230 0.641E+00 0.329E+00 0.288E+00 0.208E+00 0.156E+00 0.140E+00 0.820E-01 0.792E-01
 235.000 445.000 722 807 738 131 631 818 929 107 0.739E+00 0.318E+00 0.226E+00 0.177E+00 0.129E+00 0.127E+00 0.777E-01 0.763E-01
 245.000 445.000 722 807 738 131 818 631 929 107 0.717E+00 0.293E+00 0.177E+00 0.148E+00 0.112E+00 0.106E+00 0.815E-01 0.695E-01
 255.000 445.000 722 807 738 131 818 631 929 107 0.604E+00 0.258E+00 0.138E+00 0.121E+00 0.969E-01 0.855E-01 0.834E-01 0.621E-01
  35.000 435.000 301 437 318 235 444 633 644 230 0.426E+00 0.242E+00 0.188E+00 0.170E+00 0.155E+00 0.115E+00 0.110E+00 0.610E-01
  45.000 435.000 301 437 235 318 444 633 644 230 0.472E+00 0.308E+00 0.199E+00 0.189E+00 0.188E+00 0.146E+00 0.140E+00 0.767E-01
  55.000 435.000 301 437 235 444 633 318 644 230 0.485E+00 0.391E+00 0.228E+00 0.225E+00 0.184E+00 0.183E+00 0.180E+00 0.960E-01
  65.000 435.000 437 301 444 235 633 644 318 230 0.492E+00 0.458E+00 0.263E+00 0.253E+00 0.231E+00 0.231E+00 0.170E+00 0.120E+00
  75.000 435.000 437 301 444 644 633 235 318 230 0.608E+00 0.405E+00 0.297E+00 0.296E+00 0.287E+00 0.270E+00 0.154E+00 0.148E+00
  85.000 435.000 437 644 633 301 444 235 230 318 0.710E+00 0.378E+00 0.352E+00 0.342E+00 0.323E+00 0.274E+00 0.181E+00 0.136E+00
  95.000 435.000 437 644 633 444 301 235 230 738 0.715E+00 0.482E+00 0.422E+00 0.332E+00 0.281E+00 0.266E+00 0.218E+00 0.119E+00
 105.000 435.000 437 644 633 444 230 235 301 738 0.617E+00 0.610E+00 0.483E+00 0.323E+00 0.257E+00 0.247E+00 0.227E+00 0.151E+00
 115.000 435.000 644 633 437 444 230 235 738 301 0.752E+00 0.517E+00 0.501E+00 0.299E+00 0.295E+00 0.220E+00 0.191E+00 0.182E+00
 125.000 435.000 644 633 437 230 444 738 235 131 0.814E+00 0.504E+00 0.398E+00 0.326E+00 0.264E+00 0.241E+00 0.191E+00 0.156E+00
 135.000 435.000 644 633 230 437 738 444 131 631 0.699E+00 0.453E+00 0.342E+00 0.314E+00 0.301E+00 0.226E+00 0.192E+00 0.172E+00
 145.000 435.000 644 633 738 230 437 131 631 444 0.558E+00 0.386E+00 0.372E+00 0.339E+00 0.246E+00 0.232E+00 0.192E+00 0.190E+00
 155.000 435.000 738 644 633 230 131 631 437 444 0.450E+00 0.439E+00 0.318E+00 0.317E+00 0.275E+00 0.209E+00 0.193E+00 0.156E+00
 165.000 435.000 738 644 131 230 633 631 437 722 0.520E+00 0.344E+00 0.316E+00 0.284E+00 0.257E+00 0.218E+00 0.151E+00 0.147E+00
 175.000 435.000 738 131 644 230 631 633 722 807 0.559E+00 0.349E+00 0.269E+00 0.245E+00 0.218E+00 0.205E+00 0.187E+00 0.160E+00
 185.000 435.000 738 131 722 631 644 230 807 633 0.541E+00 0.365E+00 0.236E+00 0.210E+00 0.210E+00 0.206E+00 0.187E+00 0.163E+00
 195.000 435.000 738 131 722 807 631 230 644 633 0.480E+00 0.359E+00 0.297E+00 0.213E+00 0.195E+00 0.170E+00 0.164E+00 0.129E+00
 205.000 435.000 738 722 131 807 631 230 644 818 0.403E+00 0.369E+00 0.333E+00 0.236E+00 0.175E+00 0.138E+00 0.128E+00 0.122E+00
 215.000 435.000 722 738 131 807 631 818 230 107 0.450E+00 0.329E+00 0.294E+00 0.251E+00 0.153E+00 0.118E+00 0.112E+00 0.110E+00
 225.000 435.000 722 738 807 131 631 818 107 230 0.529E+00 0.264E+00 0.256E+00 0.252E+00 0.131E+00 0.111E+00 0.104E+00 0.894E-01
 235.000 435.000 722 807 131 738 631 818 107 230 0.579E+00 0.249E+00 0.210E+00 0.210E+00 0.110E+00 0.101E+00 0.965E-01 0.713E-01
 245.000 435.000 722 807 131 738 631 818 107 929 0.569E+00 0.233E+00 0.172E+00 0.166E+00 0.908E-01 0.904E-01 0.871E-01 0.636E-01
 255.000 435.000 722 807 131 738 818 107 631 929 0.507E+00 0.209E+00 0.140E+00 0.131E+00 0.792E-01 0.770E-01 0.745E-01 0.649E-01
  25.000 425.000 301 318 437 235 444 633 644 230 0.428E+00 0.231E+00 0.195E+00 0.166E+00 0.109E+00 0.836E-01 0.826E-01 0.523E-01
  35.000 425.000 301 437 318 235 444 644 633 230 0.519E+00 0.250E+00 0.242E+00 0.202E+00 0.132E+00 0.106E+00 0.105E+00 0.664E-01
  45.000 425.000 301 437 318 235 444 644 633 230 0.597E+00 0.321E+00 0.243E+00 0.242E+00 0.158E+00 0.135E+00 0.132E+00 0.842E-01
  55.000 425.000 301 437 235 318 444 644 633 230 0.622E+00 0.412E+00 0.282E+00 0.233E+00 0.185E+00 0.172E+00 0.165E+00 0.106E+00
  65.000 425.000 301 437 235 644 318 444 633 230 0.573E+00 0.528E+00 0.319E+00 0.219E+00 0.215E+00 0.212E+00 0.203E+00 0.134E+00
  75.000 425.000 437 301 235 644 633 444 318 230 0.677E+00 0.486E+00 0.345E+00 0.277E+00 0.248E+00 0.236E+00 0.192E+00 0.168E+00
  85.000 425.000 437 301 235 644 633 444 230 318 0.861E+00 0.397E+00 0.352E+00 0.349E+00 0.296E+00 0.253E+00 0.209E+00 0.166E+00
  95.000 425.000 437 644 633 235 301 444 230 318 0.876E+00 0.434E+00 0.344E+00 0.339E+00 0.318E+00 0.259E+00 0.257E+00 0.141E+00
 105.000 425.000 437 644 633 230 235 444 301 738 0.690E+00 0.528E+00 0.383E+00 0.310E+00 0.310E+00 0.253E+00 0.252E+00 0.138E+00
 115.000 425.000 644 437 633 230 235 444 301 738 0.611E+00 0.539E+00 0.403E+00 0.365E+00 0.271E+00 0.237E+00 0.199E+00 0.172E+00
 125.000 425.000 644 437 230 633 235 738 444 131 0.636E+00 0.420E+00 0.412E+00 0.396E+00 0.230E+00 0.214E+00 0.214E+00 0.177E+00
 135.000 425.000 644 230 633 437 738 131 235 444 0.583E+00 0.439E+00 0.365E+00 0.327E+00 0.262E+00 0.221E+00 0.191E+00 0.187E+00
 145.000 425.000 644 230 633 738 131 437 444 235 0.492E+00 0.433E+00 0.320E+00 0.316E+00 0.272E+00 0.255E+00 0.159E+00 0.156E+00
 155.000 425.000 644 230 738 131 633 437 631 444 0.400E+00 0.399E+00 0.369E+00 0.330E+00 0.271E+00 0.199E+00 0.164E+00 0.133E+00
 165.000 425.000 738 131 230 644 633 631 437 722 0.414E+00 0.390E+00 0.348E+00 0.320E+00 0.224E+00 0.170E+00 0.155E+00 0.135E+00
 175.000 425.000 131 738 230 644 633 631 722 807 0.442E+00 0.435E+00 0.293E+00 0.253E+00 0.182E+00 0.170E+00 0.170E+00 0.132E+00
 185.000 425.000 131 738 230 722 644 631 807 633 0.468E+00 0.426E+00 0.241E+00 0.212E+00 0.200E+00 0.165E+00 0.152E+00 0.147E+00
 195.000 425.000 131 738 722 230 807 644 631 107 0.458E+00 0.389E+00 0.261E+00 0.195E+00 0.170E+00 0.157E+00 0.154E+00 0.145E+00
 205.000 425.000 131 738 722 807 230 107 631 644 0.416E+00 0.338E+00 0.316E+00 0.186E+00 0.156E+00 0.145E+00 0.140E+00 0.123E+00
 215.000 425.000 722 131 738 807 107 230 631 644 0.374E+00 0.358E+00 0.283E+00 0.196E+00 0.141E+00 0.125E+00 0.124E+00 0.962E-01
 225.000 425.000 722 131 738 807 107 631 230 818 0.424E+00 0.298E+00 0.232E+00 0.199E+00 0.133E+00 0.108E+00 0.988E-01 0.872E-01
  15.000 415.000 301 318 235 437 444 644 633 230 0.375E+00 0.265E+00 0.151E+00 0.150E+00 0.768E-01 0.613E-01 0.602E-01 0.434E-01
  25.000 415.000 301 318 437 235 444 644 633 230 0.477E+00 0.293E+00 0.193E+00 0.189E+00 0.929E-01 0.780E-01 0.755E-01 0.555E-01
  35.000 415.000 301 318 437 235 444 644 633 230 0.603E+00 0.310E+00 0.247E+00 0.234E+00 0.111E+00 0.992E-01 0.941E-01 0.709E-01
  45.000 415.000 301 437 318 235 444 644 633 230 0.739E+00 0.317E+00 0.311E+00 0.287E+00 0.131E+00 0.126E+00 0.117E+00 0.904E-01
  55.000 415.000 301 437 235 318 644 444 633 230 0.797E+00 0.405E+00 0.344E+00 0.297E+00 0.159E+00 0.151E+00 0.143E+00 0.115E+00
  65.000 415.000 301 437 235 318 644 633 444 230 0.691E+00 0.516E+00 0.399E+00 0.270E+00 0.199E+00 0.174E+00 0.170E+00 0.146E+00
  75.000 415.000 437 301 235 644 318 633 444 230 0.652E+00 0.555E+00 0.440E+00 0.249E+00 0.236E+00 0.208E+00 0.186E+00 0.186E+00
  85.000 415.000 437 235 301 644 633 230 318 444 0.795E+00 0.452E+00 0.438E+00 0.307E+00 0.243E+00 0.234E+00 0.201E+00 0.197E+00
  95.000 415.000 437 235 644 301 230 633 444 318 0.804E+00 0.431E+00 0.371E+00 0.344E+00 0.294E+00 0.276E+00 0.201E+00 0.168E+00
 105.000 415.000 437 644 235 230 633 301 444 318 0.664E+00 0.435E+00 0.384E+00 0.364E+00 0.302E+00 0.269E+00 0.198E+00 0.138E+00
 115.000 415.000 437 644 230 235 633 301 444 131 0.526E+00 0.483E+00 0.442E+00 0.328E+00 0.314E+00 0.210E+00 0.187E+00 0.153E+00
 125.000 415.000 230 644 437 633 235 131 738 444 0.516E+00 0.496E+00 0.413E+00 0.309E+00 0.272E+00 0.194E+00 0.185E+00 0.171E+00
 135.000 415.000 230 644 437 633 131 738 235 444 0.562E+00 0.467E+00 0.323E+00 0.290E+00 0.246E+00 0.222E+00 0.221E+00 0.152E+00
 145.000 415.000 230 644 131 738 633 437 235 444 0.552E+00 0.411E+00 0.309E+00 0.261E+00 0.260E+00 0.252E+00 0.178E+00 0.131E+00
 155.000 415.000 230 131 644 738 633 437 235 107 0.494E+00 0.385E+00 0.346E+00 0.298E+00 0.225E+00 0.197E+00 0.142E+00 0.131E+00
 165.000 415.000 131 230 738 644 633 437 107 631 0.471E+00 0.417E+00 0.326E+00 0.284E+00 0.190E+00 0.153E+00 0.149E+00 0.132E+00
 175.000 415.000 131 230 738 644 107 633 722 631 0.552E+00 0.340E+00 0.339E+00 0.229E+00 0.166E+00 0.158E+00 0.150E+00 0.133E+00
 185.000 415.000 131 738 230 722 644 107 633 631 0.600E+00 0.333E+00 0.273E+00 0.184E+00 0.183E+00 0.178E+00 0.129E+00 0.129E+00
 195.000 415.000 131 738 722 230 107 644 807 631 0.581E+00 0.310E+00 0.222E+00 0.218E+00 0.186E+00 0.145E+00 0.135E+00 0.122E+00
 205.000 415.000 131 738 722 107 230 807 644 631 0.510E+00 0.276E+00 0.263E+00 0.186E+00 0.172E+00 0.146E+00 0.115E+00 0.112E+00
   5.000 405.000 301 318 235 437 444 644 633 230 0.300E+00 0.279E+00 0.130E+00 0.113E+00 0.540E-01 0.450E-01 0.432E-01 0.351E-01
  15.000 405.000 301 318 235 437 444 644 633 230 0.385E+00 0.327E+00 0.166E+00 0.144E+00 0.652E-01 0.570E-01 0.539E-01 0.450E-01
  25.000 405.000 301 318 235 437 444 644 633 230 0.494E+00 0.370E+00 0.210E+00 0.184E+00 0.779E-01 0.721E-01 0.669E-01 0.577E-01
  35.000 405.000 301 318 235 437 444 644 633 230 0.634E+00 0.397E+00 0.264E+00 0.234E+00 0.919E-01 0.908E-01 0.825E-01 0.739E-01
  45.000 405.000 301 318 235 437 644 444 633 230 0.813E+00 0.399E+00 0.331E+00 0.297E+00 0.114E+00 0.107E+00 0.101E+00 0.947E-01
  55.000 405.000 301 235 318 437 644 633 444 230 0.949E+00 0.408E+00 0.376E+00 0.373E+00 0.142E+00 0.122E+00 0.122E+00 0.121E+00
  65.000 405.000 301 235 437 318 644 230 633 444 0.744E+00 0.489E+00 0.463E+00 0.335E+00 0.176E+00 0.155E+00 0.146E+00 0.135E+00
  75.000 405.000 301 437 235 318 644 230 633 444 0.579E+00 0.559E+00 0.558E+00 0.286E+00 0.216E+00 0.198E+00 0.172E+00 0.147E+00
  85.000 405.000 437 235 301 644 230 318 633 444 0.634E+00 0.581E+00 0.451E+00 0.260E+00 0.253E+00 0.239E+00 0.197E+00 0.154E+00
  95.000 405.000 437 235 301 230 644 633 318 444 0.638E+00 0.542E+00 0.352E+00 0.323E+00 0.307E+00 0.220E+00 0.195E+00 0.157E+00
 105.000 405.000 437 235 230 644 301 633 318 444 0.567E+00 0.467E+00 0.409E+00 0.349E+00 0.274E+00 0.237E+00 0.158E+00 0.154E+00
 115.000 405.000 230 437 235 644 633 301 131 444 0.513E+00 0.471E+00 0.385E+00 0.379E+00 0.244E+00 0.213E+00 0.161E+00 0.147E+00
 125.000 405.000 230 644 437 235 633 131 301 738 0.629E+00 0.386E+00 0.380E+00 0.311E+00 0.242E+00 0.206E+00 0.166E+00 0.156E+00
 135.000 405.000 230 644 437 131 235 633 738 301 0.718E+00 0.370E+00 0.302E+00 0.264E+00 0.248E+00 0.229E+00 0.184E+00 0.129E+00
 145.000 405.000 230 131 644 437 738 633 235 107 0.698E+00 0.337E+00 0.334E+00 0.239E+00 0.212E+00 0.209E+00 0.196E+00 0.136E+00
 155.000 405.000 230 131 644 738 437 633 107 235 0.592E+00 0.428E+00 0.289E+00 0.237E+00 0.188E+00 0.184E+00 0.160E+00 0.155E+00
 165.000 405.000 131 230 738 644 107 633 437 235 0.541E+00 0.478E+00 0.256E+00 0.243E+00 0.185E+00 0.158E+00 0.147E+00 0.122E+00
 175.000 405.000 131 230 738 107 644 633 722 133 0.670E+00 0.379E+00 0.264E+00 0.209E+00 0.200E+00 0.134E+00 0.129E+00 0.127E+00
 185.000 405.000 131 230 738 107 644 722 133 633 0.768E+00 0.299E+00 0.261E+00 0.227E+00 0.163E+00 0.156E+00 0.131E+00 0.111E+00
 195.000 405.000 131 738 107 230 722 644 133 807 0.725E+00 0.246E+00 0.238E+00 0.234E+00 0.185E+00 0.131E+00 0.130E+00 0.107E+00
 205.000 405.000 131 107 738 722 230 133 807 644 0.599E+00 0.239E+00 0.222E+00 0.215E+00 0.184E+00 0.126E+00 0.115E+00 0.105E+00
   5.000 395.000 318 301 235 437 444 644 633 230 0.328E+00 0.290E+00 0.137E+00 0.106E+00 0.458E-01 0.413E-01 0.383E-01 0.356E-01
  15.000 395.000 318 301 235 437 444 644 633 230 0.397E+00 0.370E+00 0.176E+00 0.135E+00 0.547E-01 0.520E-01 0.474E-01 0.457E-01
  25.000 395.000 301 318 235 437 644 444 230 633 0.469E+00 0.462E+00 0.224E+00 0.170E+00 0.652E-01 0.647E-01 0.587E-01 0.582E-01
  35.000 395.000 301 318 235 437 644 444 230 633 0.587E+00 0.508E+00 0.287E+00 0.213E+00 0.814E-01 0.753E-01 0.753E-01 0.711E-01
  45.000 395.000 301 318 235 437 644 230 444 633 0.708E+00 0.511E+00 0.365E+00 0.266E+00 0.101E+00 0.967E-01 0.864E-01 0.859E-01
  55.000 395.000 301 318 235 437 644 230 633 444 0.755E+00 0.472E+00 0.462E+00 0.327E+00 0.125E+00 0.124E+00 0.103E+00 0.973E-01
  65.000 395.000 301 235 318 437 230 644 633 444 0.667E+00 0.577E+00 0.408E+00 0.393E+00 0.159E+00 0.152E+00 0.121E+00 0.107E+00
  75.000 395.000 235 301 437 318 230 644 633 444 0.696E+00 0.542E+00 0.456E+00 0.339E+00 0.205E+00 0.183E+00 0.140E+00 0.115E+00
  85.000 395.000 235 437 301 318 230 644 633 444 0.745E+00 0.497E+00 0.431E+00 0.276E+00 0.263E+00 0.216E+00 0.158E+00 0.120E+00
  95.000 395.000 235 437 301 230 644 318 633 444 0.665E+00 0.499E+00 0.339E+00 0.337E+00 0.249E+00 0.221E+00 0.174E+00 0.122E+00
 105.000 395.000 235 437 230 644 301 633 318 131 0.543E+00 0.460E+00 0.433E+00 0.277E+00 0.266E+00 0.185E+00 0.176E+00 0.128E+00
 115.000 395.000 230 235 437 644 301 633 131 318 0.555E+00 0.433E+00 0.398E+00 0.296E+00 0.208E+00 0.190E+00 0.164E+00 0.139E+00
 125.000 395.000 230 235 437 644 131 633 301 738 0.710E+00 0.341E+00 0.332E+00 0.301E+00 0.211E+00 0.189E+00 0.163E+00 0.129E+00
 135.000 395.000 230 644 131 437 235 633 738 107 0.896E+00 0.290E+00 0.270E+00 0.270E+00 0.268E+00 0.180E+00 0.150E+00 0.132E+00
 145.000 395.000 230 131 644 437 235 738 633 107 0.836E+00 0.347E+00 0.267E+00 0.217E+00 0.210E+00 0.170E+00 0.166E+00 0.161E+00
 155.000 395.000 230 131 644 107 738 437 235 633 0.656E+00 0.446E+00 0.237E+00 0.193E+00 0.188E+00 0.173E+00 0.164E+00 0.149E+00
 165.000 395.000 131 230 107 644 738 133 437 633 0.573E+00 0.512E+00 0.228E+00 0.203E+00 0.200E+00 0.151E+00 0.137E+00 0.130E+00
 175.000 395.000 131 230 107 738 644 133 633 722 0.735E+00 0.399E+00 0.261E+00 0.206E+00 0.171E+00 0.162E+00 0.111E+00 0.110E+00
 185.000 395.000 131 230 107 738 133 644 722 633 0.944E+00 0.311E+00 0.289E+00 0.203E+00 0.168E+00 0.141E+00 0.130E+00 0.937E-01
 195.000 395.000 131 107 230 738 133 722 644 807 0.825E+00 0.305E+00 0.243E+00 0.193E+00 0.167E+00 0.152E+00 0.115E+00 0.844E-01
 205.000 395.000 131 107 230 738 722 133 644 807 0.642E+00 0.307E+00 0.189E+00 0.178E+00 0.173E+00 0.162E+00 0.932E-01 0.897E-01
 215.000 395.000 131 107 722 738 133 230 807 644 0.500E+00 0.293E+00 0.192E+00 0.158E+00 0.151E+00 0.147E+00 0.931E-01 0.749E-01
  15.000 385.000 318 301 235 437 644 230 444 633 0.465E+00 0.336E+00 0.180E+00 0.122E+00 0.466E-01 0.455E-01 0.455E-01 0.411E-01
  25.000 385.000 318 301 235 437 230 644 444 633 0.565E+00 0.415E+00 0.231E+00 0.152E+00 0.584E-01 0.579E-01 0.531E-01 0.500E-01
  35.000 385.000 318 301 235 437 230 644 444 633 0.646E+00 0.498E+00 0.296E+00 0.188E+00 0.749E-01 0.716E-01 0.613E-01 0.604E-01
  45.000 385.000 318 301 235 437 230 644 633 444 0.653E+00 0.568E+00 0.381E+00 0.230E+00 0.961E-01 0.879E-01 0.721E-01 0.695E-01
  55.000 385.000 301 318 235 437 230 644 633 444 0.589E+00 0.580E+00 0.489E+00 0.276E+00 0.123E+00 0.107E+00 0.851E-01 0.774E-01
  65.000 385.000 235 301 318 437 230 644 633 444 0.627E+00 0.546E+00 0.481E+00 0.323E+00 0.158E+00 0.128E+00 0.989E-01 0.845E-01
  75.000 385.000 235 301 318 437 230 644 633 444 0.803E+00 0.468E+00 0.387E+00 0.364E+00 0.203E+00 0.152E+00 0.113E+00 0.902E-01
  85.000 385.000 235 437 301 318 230 644 633 444 0.946E+00 0.389E+00 0.385E+00 0.307E+00 0.260E+00 0.176E+00 0.126E+00 0.938E-01
  95.000 385.000 235 437 230 301 318 644 633 131 0.750E+00 0.390E+00 0.333E+00 0.310E+00 0.243E+00 0.200E+00 0.137E+00 0.983E-01
 105.000 385.000 235 230 437 301 644 318 633 131 0.585E+00 0.426E+00 0.367E+00 0.247E+00 0.219E+00 0.191E+00 0.145E+00 0.126E+00
 115.000 385.000 230 235 437 644 301 131 318 633 0.542E+00 0.456E+00 0.327E+00 0.231E+00 0.195E+00 0.161E+00 0.150E+00 0.148E+00
 125.000 385.000 230 235 437 644 131 301 633 107 0.684E+00 0.355E+00 0.280E+00 0.234E+00 0.207E+00 0.154E+00 0.147E+00 0.121E+00
 135.000 385.000 230 235 131 437 644 107 633 133 0.820E+00 0.276E+00 0.265E+00 0.233E+00 0.228E+00 0.151E+00 0.141E+00 0.128E+00
 145.000 385.000 230 131 235 644 437 107 133 738 0.783E+00 0.338E+00 0.215E+00 0.212E+00 0.191E+00 0.187E+00 0.150E+00 0.136E+00
 155.000 385.000 230 131 107 644 133 235 437 738 0.636E+00 0.430E+00 0.229E+00 0.191E+00 0.172E+00 0.168E+00 0.155E+00 0.148E+00
 165.000 385.000 131 230 107 133 644 738 235 437 0.544E+00 0.502E+00 0.275E+00 0.191E+00 0.167E+00 0.157E+00 0.131E+00 0.124E+00
 175.000 385.000 131 230 107 133 738 644 235 437 0.676E+00 0.394E+00 0.323E+00 0.207E+00 0.160E+00 0.143E+00 0.102E+00 0.990E-01
 185.000 385.000 131 107 230 133 738 644 722 235 0.779E+00 0.365E+00 0.308E+00 0.215E+00 0.159E+00 0.120E+00 0.107E+00 0.792E-01
 195.000 385.000 131 107 230 133 738 722 644 807 0.734E+00 0.391E+00 0.240E+00 0.215E+00 0.152E+00 0.123E+00 0.993E-01 0.664E-01
 205.000 385.000 131 107 133 230 738 722 644 807 0.604E+00 0.393E+00 0.206E+00 0.187E+00 0.141E+00 0.139E+00 0.814E-01 0.702E-01
 215.000 385.000 131 107 133 722 230 738 807 644 0.480E+00 0.371E+00 0.191E+00 0.152E+00 0.146E+00 0.127E+00 0.726E-01 0.661E-01
  15.000 375.000 318 301 235 437 230 644 444 633 0.514E+00 0.292E+00 0.178E+00 0.108E+00 0.444E-01 0.411E-01 0.374E-01 0.352E-01
  25.000 375.000 318 301 235 437 230 644 444 633 0.652E+00 0.350E+00 0.228E+00 0.133E+00 0.568E-01 0.506E-01 0.433E-01 0.424E-01
  35.000 375.000 318 301 235 437 230 644 633 444 0.804E+00 0.406E+00 0.292E+00 0.162E+00 0.728E-01 0.619E-01 0.506E-01 0.495E-01
  45.000 375.000 318 301 235 437 230 644 633 444 0.824E+00 0.448E+00 0.373E+00 0.194E+00 0.931E-01 0.751E-01 0.598E-01 0.556E-01
  55.000 375.000 318 235 301 437 230 644 633 444 0.677E+00 0.475E+00 0.459E+00 0.228E+00 0.119E+00 0.902E-01 0.698E-01 0.614E-01
  65.000 375.000 235 318 301 437 230 644 633 444 0.601E+00 0.534E+00 0.435E+00 0.261E+00 0.152E+00 0.107E+00 0.801E-01 0.665E-01
  75.000 375.000 235 318 301 437 230 644 633 444 0.742E+00 0.419E+00 0.387E+00 0.288E+00 0.194E+00 0.125E+00 0.904E-01 0.706E-01
  85.000 375.000 235 301 318 437 230 644 633 131 0.810E+00 0.329E+00 0.327E+00 0.303E+00 0.246E+00 0.142E+00 0.998E-01 0.739E-01
 125.000 375.000 230 235 437 131 644 301 107 133 0.580E+00 0.348E+00 0.231E+00 0.195E+00 0.183E+00 0.141E+00 0.133E+00 0.127E+00
 135.000 375.000 230 235 131 437 644 107 133 301 0.645E+00 0.272E+00 0.247E+00 0.196E+00 0.178E+00 0.168E+00 0.153E+00 0.112E+00
 145.000 375.000 230 131 235 107 133 644 437 738 0.631E+00 0.311E+00 0.212E+00 0.212E+00 0.182E+00 0.168E+00 0.164E+00 0.108E+00
 155.000 375.000 230 131 107 133 235 644 437 738 0.550E+00 0.388E+00 0.264E+00 0.212E+00 0.166E+00 0.153E+00 0.135E+00 0.116E+00
 165.000 375.000 131 230 107 133 644 235 738 437 0.475E+00 0.453E+00 0.325E+00 0.241E+00 0.136E+00 0.129E+00 0.122E+00 0.110E+00
 175.000 375.000 131 107 230 133 738 644 235 437 0.560E+00 0.392E+00 0.364E+00 0.263E+00 0.125E+00 0.118E+00 0.101E+00 0.885E-01
 185.000 375.000 131 107 230 133 738 644 722 235 0.609E+00 0.456E+00 0.289E+00 0.276E+00 0.124E+00 0.100E+00 0.872E-01 0.786E-01
 195.000 375.000 131 107 133 230 738 722 644 235 0.589E+00 0.500E+00 0.276E+00 0.228E+00 0.119E+00 0.991E-01 0.842E-01 0.613E-01
 205.000 375.000 131 107 133 230 738 722 644 807 0.516E+00 0.504E+00 0.262E+00 0.179E+00 0.111E+00 0.110E+00 0.699E-01 0.549E-01
 215.000 375.000 107 131 133 230 722 738 644 807 0.466E+00 0.428E+00 0.240E+00 0.140E+00 0.120E+00 0.102E+00 0.574E-01 0.566E-01
  15.000 365.000 318 301 235 437 230 644 444 633 0.522E+00 0.246E+00 0.169E+00 0.936E-01 0.425E-01 0.357E-01 0.306E-01 0.298E-01
  25.000 365.000 318 301 235 437 230 644 633 444 0.667E+00 0.288E+00 0.216E+00 0.114E+00 0.542E-01 0.436E-01 0.356E-01 0.351E-01
  35.000 365.000 318 301 235 437 230 644 633 444 0.844E+00 0.325E+00 0.273E+00 0.136E+00 0.690E-01 0.528E-01 0.421E-01 0.397E-01
  45.000 365.000 318 301 235 437 230 644 633 444 0.872E+00 0.351E+00 0.344E+00 0.160E+00 0.879E-01 0.633E-01 0.492E-01 0.443E-01
  55.000 365.000 318 235 301 437 230 644 633 444 0.694E+00 0.428E+00 0.358E+00 0.185E+00 0.112E+00 0.751E-01 0.568E-01 0.486E-01
  65.000 365.000 318 235 301 437 230 644 633 444 0.543E+00 0.521E+00 0.343E+00 0.208E+00 0.141E+00 0.879E-01 0.645E-01 0.523E-01
  75.000 365.000 235 318 301 437 230 644 633 444 0.603E+00 0.423E+00 0.313E+00 0.226E+00 0.178E+00 0.101E+00 0.720E-01 0.552E-01
 135.000 365.000 230 235 131 107 133 437 644 301 0.504E+00 0.256E+00 0.222E+00 0.182E+00 0.180E+00 0.162E+00 0.139E+00 0.101E+00
 145.000 365.000 230 131 107 133 235 437 644 738 0.497E+00 0.275E+00 0.232E+00 0.218E+00 0.202E+00 0.138E+00 0.132E+00 0.851E-01
 155.000 365.000 230 131 107 133 235 644 437 738 0.451E+00 0.334E+00 0.294E+00 0.259E+00 0.158E+00 0.122E+00 0.115E+00 0.913E-01
 165.000 365.000 131 230 107 133 235 644 738 437 0.395E+00 0.386E+00 0.370E+00 0.300E+00 0.124E+00 0.109E+00 0.954E-01 0.951E-01
 175.000 365.000 107 131 133 230 235 738 644 437 0.460E+00 0.448E+00 0.334E+00 0.320E+00 0.973E-01 0.972E-01 0.961E-01 0.776E-01
 185.000 365.000 107 131 133 230 738 644 235 722 0.558E+00 0.475E+00 0.354E+00 0.260E+00 0.965E-01 0.830E-01 0.761E-01 0.705E-01
 195.000 365.000 107 131 133 230 738 722 644 235 0.636E+00 0.464E+00 0.353E+00 0.208E+00 0.932E-01 0.793E-01 0.705E-01 0.595E-01
 205.000 365.000 107 131 133 230 738 722 644 235 0.644E+00 0.421E+00 0.333E+00 0.166E+00 0.878E-01 0.873E-01 0.592E-01 0.465E-01
  45.000 355.000 318 235 301 437 230 644 633 444 0.702E+00 0.302E+00 0.274E+00 0.131E+00 0.810E-01 0.528E-01 0.401E-01 0.352E-01
  55.000 355.000 318 235 301 437 230 644 633 444 0.613E+00 0.366E+00 0.279E+00 0.149E+00 0.102E+00 0.619E-01 0.459E-01 0.383E-01
 165.000 355.000 107 133 131 230 235 644 437 738 0.401E+00 0.368E+00 0.320E+00 0.319E+00 0.116E+00 0.875E-01 0.810E-01 0.745E-01
 175.000 355.000 107 133 131 230 235 644 738 437 0.511E+00 0.421E+00 0.354E+00 0.271E+00 0.914E-01 0.778E-01 0.757E-01 0.669E-01
 185.000 355.000 107 133 131 230 738 235 644 722 0.647E+00 0.453E+00 0.370E+00 0.225E+00 0.752E-01 0.719E-01 0.679E-01 0.567E-01
 195.000 355.000 107 133 131 230 738 722 644 235 0.794E+00 0.452E+00 0.364E+00 0.184E+00 0.729E-01 0.631E-01 0.584E-01 0.565E-01
 205.000 355.000 107 133 131 230 738 722 644 235 0.815E+00 0.419E+00 0.337E+00 0.149E+00 0.690E-01 0.689E-01 0.495E-01 0.443E-01
 215.000 355.000 107 133 131 230 722 738 644 235 0.674E+00 0.366E+00 0.298E+00 0.119E+00 0.738E-01 0.640E-01 0.415E-01 0.347E-01
 185.000 345.000 107 133 131 230 235 738 644 437 0.668E+00 0.579E+00 0.288E+00 0.190E+00 0.665E-01 0.586E-01 0.551E-01 0.471E-01
 195.000 345.000 107 133 131 230 738 235 722 644 0.848E+00 0.578E+00 0.284E+00 0.158E+00 0.570E-01 0.526E-01 0.501E-01 0.479E-01
 205.000 345.000 107 133 131 230 722 738 235 644 0.882E+00 0.520E+00 0.267E+00 0.130E+00 0.543E-01 0.542E-01 0.415E-01 0.411E-01
 175.000 335.000 133 107 131 230 235 644 437 738 0.628E+00 0.485E+00 0.218E+00 0.183E+00 0.754E-01 0.500E-01 0.478E-01 0.459E-01
 185.000 335.000 133 107 131 230 235 738 644 437 0.736E+00 0.599E+00 0.225E+00 0.158E+00 0.603E-01 0.457E-01 0.445E-01 0.400E-01
 195.000 335.000 133 107 131 230 235 738 722 644 0.733E+00 0.701E+00 0.222E+00 0.134E+00 0.481E-01 0.445E-01 0.396E-01 0.390E-01
 175.000 325.000 133 107 131 230 235 644 437 738 0.690E+00 0.421E+00 0.170E+00 0.148E+00 0.665E-01 0.398E-01 0.397E-01 0.358E-01
 185.000 325.000 133 107 131 230 235 644 738 437 0.883E+00 0.498E+00 0.175E+00 0.129E+00 0.537E-01 0.357E-01 0.356E-01 0.336E-01
 195.000 325.000 133 107 131 230 235 738 644 722 0.875E+00 0.554E+00 0.173E+00 0.111E+00 0.431E-01 0.347E-01 0.316E-01 0.313E-01
 205.000 325.000 133 107 131 230 235 722 738 644 0.683E+00 0.559E+00 0.166E+00 0.939E-01 0.345E-01 0.335E-01 0.333E-01 0.276E-01
 175.000 315.000 133 107 131 230 235 437 644 738 0.651E+00 0.351E+00 0.133E+00 0.118E+00 0.577E-01 0.328E-01 0.316E-01 0.279E-01
 185.000 315.000 133 107 131 230 235 644 437 738 0.780E+00 0.401E+00 0.136E+00 0.105E+00 0.471E-01 0.286E-01 0.279E-01 0.277E-01
 195.000 315.000 133 107 131 230 235 738 644 722 0.776E+00 0.434E+00 0.135E+00 0.913E-01 0.381E-01 0.271E-01 0.255E-01 0.246E-01
 205.000 315.000 133 107 131 230 235 722 738 644 0.645E+00 0.437E+00 0.130E+00 0.782E-01 0.307E-01 0.263E-01 0.260E-01 0.224E-01
 175.000 305.000 133 107 131 230 235 437 644 318 0.551E+00 0.286E+00 0.104E+00 0.940E-01 0.493E-01 0.268E-01 0.251E-01 0.244E-01
 185.000 305.000 133 107 131 230 235 437 644 738 0.617E+00 0.319E+00 0.106E+00 0.844E-01 0.406E-01 0.231E-01 0.228E-01 0.216E-01
 195.000 305.000 133 107 131 230 235 738 644 437 0.616E+00 0.339E+00 0.105E+00 0.744E-01 0.332E-01 0.211E-01 0.204E-01 0.196E-01
 205.000 305.000 133 107 131 230 235 722 738 644 0.547E+00 0.340E+00 0.102E+00 0.644E-01 0.270E-01 0.206E-01 0.204E-01 0.181E-01
